---
startPose:
  x: 10.0
  y: 60.0
  heading: -1.5707963267948966
startTangent: -1.5707963267948966
waypoints:
- position:
    x: 2.0
    y: 35.0
  heading: -2.443460952792061
  tangent: -2.443460952792061
  interpolationType: "SPLINE"
resolution: 0.25
version: 1
