---
startPose:
  x: 2.0
  y: 30.0
  heading: -2.443460952792061
startTangent: 1.3962634015954636
waypoints:
- position:
    x: 45.0
    y: 45.0
  heading: -3.141592653589793
  tangent: 0.0
  interpolationType: "SPLINE"
- position:
    x: 58.0
    y: 50.0
  heading: -2.0943951023931953
  tangent: 1.0471975511965976
  interpolationType: "SPLINE"
resolution: 0.25
version: 1
